11:45:53	34827.62230550678	14453.625595542302	64122.27622362432	114310.9042023429	5037.365030281516	45014.33667046945	52947.23817008843	0.0	4707.845204269113	78040.03909781645	91667.95271265999	75800.692143846	0.05431941636283366	0.007984459212974526	0.14120701831153704	0.81461782989271	0.2718680691928451
11:45:58	18775.580751075595	27977.037429859094	62929.232019154166	24010.44507509554	7572.345441870763	47512.47246186274	33955.66677050068	0.0	1346.0914548105006	51611.722913820595	65378.02391210581	96050.81352156782	0.6155572699773356	0.851563513660229	0.4631101406479219	0.16858628593941494	0.7857012763903061
11:46:03	16503.073434808335	11170.280951756406	29385.42253524332	109847.04543050185	14289.870402126291	7810.234393225559	2966.5413966906463	0.0	11510.034751249337	11233.350838199438	7153.361705116828	52922.60720105661	0.18008941614035823	0.7424997544787137	0.30472400547790957	0.20068379240720802	0.16105588931983605
11:46:08	72342.71111895364	20796.526322096728	11730.564779619446	120668.2379116999	9662.834141247824	3571.1171144769655	65564.12691024637	0.0	2625.8113629806194	13004.070588632896	29512.043154295847	29826.484157342995	0.8853310188316655	0.40955691866892885	0.09844499974226106	0.5183891572666397	0.5889376023954708
11:46:13	59535.493004959564	20822.138990635365	95404.366506506	42340.06973237536	9033.498319025695	90723.19860157564	11773.43159849012	0.0	3540.714018652796	5349.856541654602	86761.01663467119	97588.59526117316	0.32981478018314736	0.9856758751604616	0.47082556896333216	0.1850597872688119	0.002320121075201853
11:46:18	108945.09359427939	11290.712104926452	93140.27550642611	82596.5925875608	2066.6981454897373	69839.78996088088	61693.35147591253	0.0	12510.116827301721	60260.956354862894	12224.65540850007	76028.44087919162	0.9916940427477651	0.47043969783229267	0.5991606532073797	0.017646722309797913	0.2516329076083098
11:46:23	69002.33959965457	48432.34475412708	95578.02774408071	80103.80599061359	8786.046295900118	75063.93629497242	40230.64371676011	0.0	12881.70922069662	32718.794232237226	50596.98765560967	17541.47114015894	0.08098652223190694	0.6359433967241939	0.7528864496281155	0.34648587850656787	0.7734679498436385
11:46:28	61890.48511901543	65399.18554174709	35907.30017670937	95239.43639919139	7233.85132510517	39293.89263478781	100096.86489709241	0.0	9592.376711134537	24096.25887990682	21073.310983460487	40110.004514221524	0.6467968131000419	0.40606885282114835	0.7549566919796605	0.5246267804109722	0.4662014218545323
11:46:33	15838.265993566974	17287.950077481553	52247.01219674547	28829.57169774476	1587.469334190607	49827.88715354653	83844.60354363351	0.0	14703.88452221183	38607.10777660826	17462.843562898946	94652.80384049877	0.5310891845456968	0.08215553674040199	0.6305479206346438	0.7209893349845254	0.7118674688248391
11:46:38	26080.937716004802	49182.45119149271	5620.6870380572145	31333.672209397155	2597.6639886976373	38460.79138250107	57428.11496708762	0.0	7529.72805815692	85321.49258478548	57336.223369234845	30956.885528340656	0.34634382741815495	0.054204204687539836	0.6171767633411785	0.5267046386184552	0.9150621836666966
11:46:43	10717.170415129816	39803.05766454831	16920.710457591325	11158.107128854897	11790.9547403191	40976.48010825346	50279.2516648866	0.0	10356.685099614147	119395.0097531771	107981.09216137395	129798.07277874333	0.3624159244644575	0.588896589383489	0.43374046707140457	0.1876956638680788	0.7513675273045373
11:46:48	105847.6540963126	26966.28350820287	40200.24359569235	54032.18648847139	1960.5769026493394	57398.95021028371	7666.773124095735	0.0	3542.1386812840583	109071.27029153872	109901.75204569432	52979.3104752041	0.48753697670465745	0.4648875895542651	0.6378256930093322	0.8713392693856393	0.7732072712176835
11:46:53	28182.641204017007	37505.09594019583	72878.76380608158	6753.978175212554	6305.6187224758105	61651.3655783652	74493.13797158698	0.0	12250.523497575557	88876.19178466506	53309.71541683445	125243.73547517306	0.5919047674670361	0.17027836373842298	0.8989573445963875	0.878724062727766	0.5204277652745137
11:47:25	33399.230120120366	22738.168021397356	30275.835774208783	59955.13939975864	13614.382473449958	35400.72038754967	1975.6978351338078	0.0	10101.46636305376	57044.26161726168	100154.41739426805	47261.1088145779	0.9892311062758309	0.5695368026104085	0.3012067306514207	0.07991836292368104	0.8621976934816159
11:47:30	104438.36994032882	38935.05698969119	80183.022156804	28731.937960717092	4679.084177599438	35759.40368821055	36087.90565151746	0.0	11029.16057490741	302.0830304631219	22010.35359801506	116609.04166807339	0.8816662330246524	0.1945882245821885	0.44745222534907514	0.024914774948692764	0.928481790168512
11:47:35	9004.32257448405	29681.02130722721	40121.74178068756	65623.72789700172	14356.578049696736	84607.82754980522	48492.58087413249	0.0	12052.111883236996	115731.51129447647	91919.89118973215	127441.23274893999	0.7760813196285977	0.6055998256542849	0.33247783412108456	0.5972725644859305	0.2902586087868868
11:47:40	79561.51247617001	49349.49281635668	46743.50410288638	802.4734597083885	14521.792675694109	27353.33219467704	76476.26626583889	0.0	9748.485111531058	100181.07171369331	70340.35499260302	79915.75382942538	0.17054439941212585	0.6551995677241336	0.21870816316724007	0.16945368589037846	0.35072292549339346
11:47:45	68908.94178675875	49666.0936427724	29460.003281659796	19601.9032790125	8705.345811118143	12937.102048993786	77445.77250053325	0.0	2276.0080740807684	7547.076540318273	82208.51421127735	17653.954912078032	0.8028222694288589	0.4446003287396961	0.014101640588398356	0.8663095044054341	0.7325099682867366
11:47:50	17450.640864501063	37358.3145462661	57087.05907263414	120359.37872761629	14092.439408461905	64798.87899817016	100377.38153104967	0.0	2272.8105496390504	79343.70888862535	98087.30121716876	27191.79498817932	0.9956478372968224	0.7724067523071819	0.8917517351881119	0.722036438818152	0.6988018638307262
11:47:55	26324.237946221703	63841.24781999438	24451.12225098669	43552.1273572216	10457.394778251091	87236.36542326331	13334.746915407839	0.0	6727.003605727929	82174.20884011219	34689.71051195337	41949.5331406685	0.130685908371022	0.6288138392517311	0.30866737670266464	0.5038381952634131	0.09192734880237385
11:48:00	29081.043887134612	19438.271469272335	87615.51504348188	3969.560191539297	3763.476222373475	92230.37047427025	24874.669760050343	0.0	10346.897159114724	32446.11511653534	53015.10698819427	92184.6123983825	0.07123163734625781	0.15271654368333853	0.6323144206934045	0.42468173056923186	0.2607480139550302
